-- Save this file in your executor's workspace folder as "Animations.lua"
return {
    ["Bio point glitch idle"] = {
        {Time = 0.000, Data = {
            ["Head"] = CFrame.new(-0.003107, 0.068928, 0.157247, 0.976371, -0.215376, 0.017663, 0.208874, 0.961529, 0.178418, -0.055411, -0.170513, 0.983796),
            ["LeftFoot"] = CFrame.new(0.000000, -0.008199, -0.000003, 0.979611, -0.153677, -0.129399, 0.173627, 0.971651, 0.160472, 0.101071, -0.179659, 0.978522),
            ["LeftHand"] = CFrame.new(0.000525, -0.037266, -0.000000, 0.998304, -0.054797, 0.019659, 0.053253, 0.995987, 0.071928, -0.023521, -0.070757, 0.997216),
            ["LeftLowerArm"] = CFrame.new(0.005983, -0.071958, 0.011290, 1.000000, -0.000000, -0.000000, 0.000000, 1.000000, -0.000001, 0.000000, -0.000000, 1.000000),
            ["LeftLowerLeg"] = CFrame.new(-0.000000, -0.007773, -0.000003, 1.000000, -0.000000, 0.000000, 0.000000, 1.000000, -0.000007, 0.000000, -0.000010, 1.000000),
            ["LeftUpperArm"] = CFrame.new(0.186999, -0.266620, 0.032870, 0.670324, 0.016756, -0.741880, -0.741034, 0.067902, -0.668026, 0.039181, 0.997551, 0.057933),
            ["LeftUpperLeg"] = CFrame.new(-0.000723, -0.097399, -0.061041, 0.701972, 0.231449, 0.673545, -0.153994, 0.972676, -0.173728, -0.695357, 0.018246, 0.718439),
            ["LowerTorso"] = CFrame.new(-0.105426, 0.051764, 0.184218, 0.999442, 0.014561, -0.030047, -0.014651, 0.999889, -0.002767, 0.030004, 0.003206, 0.999545),
            ["RightFoot"] = CFrame.new(-0.000000, -0.013637, -0.000103, 0.953157, 0.231395, 0.194837, -0.244924, 0.968347, 0.048162, -0.177494, -0.093599, 0.979652),
            ["RightHand"] = CFrame.new(-0.000497, -0.009654, 0.001965, 0.991920, 0.118575, -0.033681, -0.116923, 0.983968, 0.099776, 0.049240, -0.133218, 0.994440),
            ["RightLowerArm"] = CFrame.new(-0.011574, -0.013675, -0.005107, 1.000000, 0.000033, 0.000067, 0.000014, 0.958614, -0.243831, 0.000072, 0.284710, 0.969818),
            ["RightLowerLeg"] = CFrame.new(0.000000, -0.013405, -0.000154, 1.000000, -0.000000, -0.000000, -0.000000, 1.000000, -0.000017, 0.000000, -0.000020, 1.000000),
            ["RightUpperArm"] = CFrame.new(-0.013491, -0.011141, 0.242628, 0.853463, -0.225891, 0.469654, 0.130675, 0.965148, 0.226745, -0.504505, -0.132147, 0.853236),
            ["RightUpperLeg"] = CFrame.new(-0.016717, -0.066244, -0.093048, 0.962296, -0.246357, -0.115342, 0.242914, 0.969084, -0.043173, 0.122386, 0.013548, 0.992387),
            ["UpperTorso"] = CFrame.new(-0.014720, 0.019009, 0.017151, 0.999125, 0.003445, 0.041683, -0.003220, 0.999980, -0.005455, -0.041701, 0.005316, 0.999116)
        }},
        {Time = 0.033, Data = {
            ["Head"] = CFrame.new(-0.003107, 0.068927, 0.157247, 0.976381, -0.215335, 0.017637, 0.208848, 0.961565, 0.178254, -0.055343, -0.170360, 0.983826),
            ["LeftFoot"] = CFrame.new(-0.000000, -0.008180, -0.000003, 0.979607, -0.153694, -0.129413, 0.173646, 0.971647, 0.160478, 0.101080, -0.179669, 0.978519),
            ["LeftHand"] = CFrame.new(0.000524, -0.037221, 0.000000, 0.998300, -0.054873, 0.019676, 0.053333, 0.996001, 0.071684, -0.023531, -0.070510, 0.997233),
            ["LeftLowerArm"] = CFrame.new(0.005982, -0.071911, 0.011288, 1.000000, -0.000000, -0.000000, 0.000000, 1.000000, -0.000001, 0.000000, -0.000000, 1.000000),
            ["LeftLowerLeg"] = CFrame.new(0.000000, -0.007754, -0.000002, 1.000000, -0.000000, 0.000000, 0.000000, 1.000000, -0.000007, -0.000000, -0.000010, 1.000000),
            ["LeftUpperArm"] = CFrame.new(0.186930, -0.266757, 0.032777, 0.670288, 0.016783, -0.741911, -0.741069, 0.067845, -0.667992, 0.039125, 0.997555, 0.057912),
            ["LeftUpperLeg"] = CFrame.new(-0.000723, -0.097399, -0.061041, 0.701961, 0.231468, 0.673551, -0.154023, 0.972672, -0.173725, -0.695362, 0.018222, 0.718435),
            ["LowerTorso"] = CFrame.new(-0.105402, 0.051715, 0.184208, 0.999442, 0.014561, -0.030047, -0.014651, 0.999889, -0.002786, 0.030004, 0.003224, 0.999545),
            ["RightFoot"] = CFrame.new(-0.000000, -0.013611, -0.000103, 0.953159, 0.231389, 0.194832, -0.244917, 0.968349, 0.048157, -0.177492, -0.093591, 0.979654),
            ["RightHand"] = CFrame.new(-0.000497, -0.009652, 0.001966, 0.991910, 0.118645, -0.033711, -0.117001, 0.983989, 0.099551, 0.049255, -0.133001, 0.994461),
            ["RightLowerArm"] = CFrame.new(-0.011574, -0.013687, -0.005110, 1.000000, 0.000033, 0.000067, 0.000014, 0.958643, -0.243728, 0.000072, 0.284612, 0.969844),
            ["RightLowerLeg"] = CFrame.new(0.000000, -0.013379, -0.000154, 1.000000, -0.000000, 0.000000, -0.000000, 1.000000, -0.000017, -0.000000, -0.000020, 1.000000),
            ["RightUpperArm"] = CFrame.new(-0.013523, -0.011137, 0.242574, 0.853527, -0.225832, 0.469565, 0.130667, 0.965166, 0.226672, -0.504398, -0.132114, 0.853305),
            ["RightUpperLeg"] = CFrame.new(-0.016717, -0.066244, -0.093048, 0.962298, -0.246351, -0.115340, 0.242911, 0.969086, -0.043147, 0.122378, 0.013524, 0.992389),
            ["UpperTorso"] = CFrame.new(-0.014720, 0.019010, 0.017151, 0.999125, 0.003398, 0.041683, -0.003173, 0.999980, -0.005441, -0.041701, 0.005304, 0.999116)
        }},
        {Time = 0.067, Data = {
            ["Head"] = CFrame.new(-0.003107, 0.068928, 0.157247, 0.976409, -0.215215, 0.017557, 0.208770, 0.961672, 0.177770, -0.055143, -0.169911, 0.983915),
            ["LeftFoot"] = CFrame.new(0.000000, -0.008123, -0.000003, 0.979594, -0.153742, -0.129454, 0.173704, 0.971633, 0.160497, 0.101108, -0.179700, 0.978510),
            ["LeftHand"] = CFrame.new(0.000525, -0.037088, 0.000000, 0.998286, -0.055097, 0.019729, 0.053570, 0.996039, 0.070966, -0.023561, -0.069785, 0.997284),
            ["LeftLowerArm"] = CFrame.new(0.005982, -0.071772, 0.011286, 1.000000, -0.000000, -0.000000, 0.000000, 1.000000, -0.000001, 0.000000, -0.000000, 1.000000),
            ["LeftLowerLeg"] = CFrame.new(0.000000, -0.007697, -0.000001, 1.000000, 0.000000, 0.000000, 0.000000, 1.000000, -0.000007, 0.000000, -0.000010, 1.000000),
            ["LeftUpperArm"] = CFrame.new(0.186726, -0.267163, 0.032502, 0.670181, 0.016859, -0.742006, -0.741175, 0.067676, -0.667892, 0.038956, 0.997565, 0.057850),
            ["LeftUpperLeg"] = CFrame.new(-0.000723, -0.097400, -0.061041, 0.701926, 0.231524, 0.673568, -0.154108, 0.972660, -0.173715, -0.695378, 0.018149, 0.718422),
            ["LowerTorso"] = CFrame.new(-0.105330, 0.051573, 0.184177, 0.999442, 0.014561, -0.030047, -0.014653, 0.999889, -0.002840, 0.030003, 0.003279, 0.999544),
            ["RightFoot"] = CFrame.new(0.000000, -0.013538, -0.000103, 0.953166, 0.231373, 0.194819, -0.244896, 0.968355, 0.048139, -0.177484, -0.093567, 0.979657),
            ["RightHand"] = CFrame.new(-0.000497, -0.009648, 0.001968, 0.991880, 0.118855, -0.033801, -0.117231, 0.984050, 0.098884, 0.049297, -0.132360, 0.994525),
            ["RightLowerArm"] = CFrame.new(-0.011574, -0.013724, -0.005119, 1.000000, 0.000033, 0.000067, 0.000014, 0.958729, -0.243420, 0.000072, 0.284321, 0.969921),
            ["RightLowerLeg"] = CFrame.new(-0.000000, -0.013306, -0.000153, 1.000000, -0.000000, -0.000000, -0.000000, 1.000000, -0.000017, -0.000000, -0.000020, 1.000000),
            ["RightUpperArm"] = CFrame.new(-0.013618, -0.011126, 0.242416, 0.853717, -0.225657, 0.469303, 0.130644, 0.965221, 0.226453, -0.504082, -0.132016, 0.853507),
            ["RightUpperLeg"] = CFrame.new(-0.016717, -0.066244, -0.093048, 0.962304, -0.246332, -0.115333, 0.242902, 0.969092, -0.043069, 0.122352, 0.013452, 0.992393),
            ["UpperTorso"] = CFrame.new(-0.014720, 0.019010, 0.017150, 0.999126, 0.003259, 0.041684, -0.003036, 0.999981, -0.005399, -0.041700, 0.005267, 0.999116)
        }},
        -- You can add more full animation sequences here following this table format
    },
}
